136.0 219.0
135.0 209.0
135.0 198.0
135.0 187.0
135.0 176.0
136.0 166.0
138.0 156.0
140.0 146.0
142.0 136.0
145.0 126.0
148.0 116.0
153.0 107.0
158.0 98.0
166.0 91.0
176.0 92.0
184.0 99.0
190.0 108.0
196.0 117.0
199.0 127.0
203.0 137.0
205.0 147.0
206.0 157.0
208.0 167.0
208.0 178.0
209.0 188.0
210.0 198.0
219.0 203.0
229.0 201.0
239.0 200.0
249.0 199.0
260.0 199.0
271.0 199.0
281.0 200.0
283.0 190.0
287.0 180.0
289.0 170.0
292.0 160.0
294.0 150.0
296.0 140.0
299.0 130.0
301.0 120.0
304.0 110.0
307.0 100.0
311.0 90.0
315.0 80.0
320.0 71.0
327.0 63.0
337.0 64.0
347.0 68.0
353.0 77.0
357.0 87.0
358.0 97.0
360.0 107.0
360.0 118.0
360.0 129.0
360.0 140.0
361.0 150.0
361.0 161.0
360.0 171.0
357.0 181.0
353.0 191.0
349.0 201.0
356.0 209.0
364.0 216.0
368.0 226.0
372.0 236.0
376.0 246.0
380.0 256.0
383.0 266.0
385.0 276.0
385.0 287.0
386.0 297.0
386.0 308.0
386.0 319.0
390.0 309.0
395.0 300.0
402.0 292.0
410.0 285.0
418.0 277.0
427.0 271.0
436.0 265.0
445.0 259.0
454.0 254.0
464.0 250.0
469.0 259.0
469.0 270.0
468.0 280.0
465.0 290.0
462.0 300.0
457.0 310.0
450.0 319.0
443.0 327.0
435.0 334.0
426.0 341.0
417.0 346.0
408.0 351.0
398.0 354.0
388.0 357.0
378.0 360.0
368.0 363.0
358.0 366.0
348.0 369.0
345.0 379.0
345.0 390.0
345.0 401.0
345.0 412.0
345.0 423.0
345.0 434.0
345.0 445.0
345.0 456.0
343.0 466.0
338.0 475.0
328.0 476.0
318.0 477.0
308.0 479.0
298.0 480.0
287.0 480.0
277.0 481.0
267.0 482.0
256.0 482.0
245.0 482.0
234.0 482.0
223.0 482.0
212.0 482.0
201.0 482.0
190.0 482.0
180.0 479.0
177.0 469.0
176.0 459.0
175.0 449.0
173.0 439.0
172.0 429.0
170.0 419.0
168.0 409.0
166.0 399.0
165.0 389.0
163.0 379.0
153.0 377.0
143.0 373.0
133.0 369.0
123.0 365.0
114.0 360.0
105.0 355.0
96.0 350.0
87.0 345.0
78.0 340.0
69.0 335.0
61.0 328.0
54.0 320.0
50.0 310.0
60.0 307.0
71.0 307.0
82.0 307.0
92.0 308.0
102.0 310.0
112.0 311.0
122.0 312.0
132.0 315.0
135.0 305.0
133.0 295.0
130.0 285.0
128.0 275.0
126.0 265.0
125.0 255.0
125.0 244.0
127.0 234.0
134.0 226.0
136.0 219.0
135.0 209.0
135.0 198.0
135.0 187.0
135.0 176.0
136.0 166.0
138.0 156.0
140.0 146.0
142.0 136.0
145.0 126.0
148.0 116.0
153.0 107.0
158.0 98.0
166.0 91.0
176.0 92.0
184.0 99.0
190.0 108.0
196.0 117.0
199.0 127.0
203.0 137.0
205.0 147.0
206.0 157.0
208.0 167.0
208.0 178.0
209.0 188.0
210.0 198.0
219.0 203.0
229.0 201.0
239.0 200.0
249.0 199.0
260.0 199.0
271.0 199.0
281.0 200.0
283.0 190.0
287.0 180.0
289.0 170.0
292.0 160.0
294.0 150.0
296.0 140.0
299.0 130.0
301.0 120.0
304.0 110.0
307.0 100.0
311.0 90.0
315.0 80.0
320.0 71.0
327.0 63.0
337.0 64.0
347.0 68.0
353.0 77.0
357.0 87.0
358.0 97.0
360.0 107.0
360.0 118.0
360.0 129.0
360.0 140.0
361.0 150.0
361.0 161.0
360.0 171.0
357.0 181.0
353.0 191.0
349.0 201.0
356.0 209.0
364.0 216.0
368.0 226.0
372.0 236.0
376.0 246.0
380.0 256.0
383.0 266.0
385.0 276.0
385.0 287.0
386.0 297.0
386.0 308.0
386.0 319.0
390.0 309.0
395.0 300.0
402.0 292.0
410.0 285.0
418.0 277.0
427.0 271.0
436.0 265.0
445.0 259.0
454.0 254.0
464.0 250.0
469.0 259.0
469.0 270.0
468.0 280.0
465.0 290.0
462.0 300.0
457.0 310.0
450.0 319.0
443.0 327.0
435.0 334.0
426.0 341.0
417.0 346.0
408.0 351.0
398.0 354.0
388.0 357.0
378.0 360.0
368.0 363.0
358.0 366.0
348.0 369.0
345.0 379.0
345.0 390.0
345.0 401.0
345.0 412.0
345.0 423.0
345.0 434.0
345.0 445.0
345.0 456.0
343.0 466.0
338.0 475.0
328.0 476.0
318.0 477.0
308.0 479.0
298.0 480.0
287.0 480.0
277.0 481.0
267.0 482.0
256.0 482.0
245.0 482.0
234.0 482.0
223.0 482.0
212.0 482.0
201.0 482.0
190.0 482.0
180.0 479.0
177.0 469.0
176.0 459.0
175.0 449.0
173.0 439.0
172.0 429.0
170.0 419.0
168.0 409.0
166.0 399.0
165.0 389.0
163.0 379.0
153.0 377.0
143.0 373.0
133.0 369.0
123.0 365.0
114.0 360.0
105.0 355.0
96.0 350.0
87.0 345.0
78.0 340.0
69.0 335.0
61.0 328.0
54.0 320.0
50.0 310.0
60.0 307.0
71.0 307.0
82.0 307.0
92.0 308.0
102.0 310.0
112.0 311.0
122.0 312.0
132.0 315.0
135.0 305.0
133.0 295.0
130.0 285.0
128.0 275.0
126.0 265.0
125.0 255.0
125.0 244.0
127.0 234.0
134.0 226.0
